state,county,fips,POP tot,0-19 tot,20-64tot,65+ tot,voting age
North Carolina,Alamance,37001,169509,44019,96455,29035,125490
North Carolina,Alexander,37003,37497,8181,21649,7667,29316
North Carolina,Alleghany,37005,11137,2090,5931,3116,9047
North Carolina,Anson,37007,24446,5365,14351,4730,19081
North Carolina,Ashe,37009,27203,5189,14765,7249,22014
North Carolina,Avery,37011,17557,3073,10464,4020,14484
North Carolina,Beaufort,37013,46994,10298,25158,11538,36696
North Carolina,Bertie,37015,18947,3649,10819,4479,15298
North Carolina,Bladen,37017,32722,7327,17936,7459,25395
North Carolina,Brunswick,37019,142820,23111,73104,46605,119709
North Carolina,Buncombe,37021,261191,53138,154559,53494,208053
North Carolina,Burke,37023,90485,19060,52705,18720,71425
North Carolina,Cabarrus,37025,216453,60205,127184,29064,156248
North Carolina,Caldwell,37027,82178,18046,47363,16769,64132
North Carolina,Camden,37029,10867,2695,6339,1833,8172
North Carolina,Carteret,37031,69473,13207,38399,17867,56266
North Carolina,Caswell,37033,22604,4659,12940,5005,17945
North Carolina,Catawba,37035,159551,38837,91558,29156,120714
North Carolina,Chatham,37037,74470,16258,39578,18634,58212
North Carolina,Cherokee,37039,28612,5206,14683,8723,23406
North Carolina,Chowan,37041,13943,3081,7341,3521,10862
North Carolina,Clay,37043,11231,2075,5575,3581,9156
North Carolina,Cleveland,37045,97947,24022,55350,18575,73925
North Carolina,Columbus,37047,55508,12725,31364,11419,42783
North Carolina,Craven,37049,102139,24287,57749,20103,77852
North Carolina,Cumberland,37051,335509,93231,201341,40937,242278
North Carolina,Currituck,37053,27763,6659,16553,4551,21104
North Carolina,Dare,37055,37009,7591,21217,8201,29418
North Carolina,Davidson,37057,167609,39935,96585,31089,127674
North Carolina,Davie,37059,42846,9867,23700,9279,32979
North Carolina,Duplin,37061,58741,15404,31932,11405,43337
North Carolina,Durham,37063,321488,76150,201574,43764,245338
North Carolina,Edgecombe,37065,51472,12702,28261,10509,38770
North Carolina,Forsyth,37067,382295,98880,220695,62720,283415
North Carolina,Franklin,37069,69685,16920,40830,11935,52765
North Carolina,Gaston,37071,224529,55410,132468,36651,169119
North Carolina,Gates,37073,11562,2567,6577,2418,8995
North Carolina,Graham,37075,8441,1867,4507,2067,6574
North Carolina,Granville,37077,60443,13857,35912,10674,46586
North Carolina,Greene,37079,21069,4620,12857,3592,16449
North Carolina,Guilford,37081,537174,139362,314370,83442,397812
North Carolina,Halifax,37083,50010,11684,27636,10690,38326
North Carolina,Harnett,37085,135976,38802,79716,17458,97174
North Carolina,Haywood,37087,62317,12398,34347,15572,49919
North Carolina,Henderson,37089,117417,24070,62386,30961,93347
North Carolina,Hertford,37091,23677,5415,13426,4836,18262
North Carolina,Hoke,37093,55234,16155,33225,5854,39079
North Carolina,Hyde,37095,4937,932,2891,1114,4005
North Carolina,Iredell,37097,181806,45409,106884,29513,136397
North Carolina,Jackson,37099,43938,10177,25002,8759,33761
North Carolina,Johnston,37101,209339,57558,123223,28558,151781
North Carolina,Jones,37103,9419,1895,5267,2257,7524
North Carolina,Lee,37105,61779,16069,35306,10404,45710
North Carolina,Lenoir,37107,55949,13771,30875,11303,42178
North Carolina,Lincoln,37109,86111,19920,50735,15456,66191
North Carolina,McDowell,37111,45756,10053,26186,9517,35703
North Carolina,Macon,37113,35858,7275,18233,10350,28583
North Carolina,Madison,37115,21755,4539,12182,5034,17216
North Carolina,Martin,37117,22440,4972,12096,5372,17468
North Carolina,Mecklenburg,37119,1110356,286607,696063,127686,823749
North Carolina,Mitchell,37121,14964,2990,8164,3810,11974
North Carolina,Montgomery,37123,27173,6561,14869,5743,20612
North Carolina,Moore,37125,100880,23398,53290,24192,77482
North Carolina,Nash,37127,94298,23019,53323,17956,71279
North Carolina,New Hanover,37129,234473,50780,140546,43147,183693
North Carolina,Northampton,37131,19483,3701,10526,5256,15782
North Carolina,Onslow,37133,197938,56869,122043,19026,141069
North Carolina,Orange,37135,148476,37679,89143,21654,110797
North Carolina,Pamlico,37137,12726,2094,6766,3866,10632
North Carolina,Pasquotank,37139,39824,9937,23046,6841,29887
North Carolina,Pender,37141,63060,15292,36052,11716,47768
North Carolina,Perquimans,37143,13463,2742,7050,3671,10721
North Carolina,Person,37145,39490,8964,22588,7938,30526
North Carolina,Pitt,37147,180742,46632,109065,25045,134110
North Carolina,Polk,37149,20724,3622,10458,6644,17102
North Carolina,Randolph,37151,143667,35209,82398,26060,108458
North Carolina,Richmond,37153,44829,11379,25267,8183,33450
North Carolina,Robeson,37155,130625,36559,73501,20565,94066
North Carolina,Rockingham,37157,91010,20223,51791,18996,70787
North Carolina,Rowan,37159,142088,34875,81842,25371,107213
North Carolina,Rutherford,37161,67029,15071,37103,14855,51958
North Carolina,Sampson,37163,63531,17000,34894,11637,46531
North Carolina,Scotland,37165,34823,8904,19388,6531,25919
North Carolina,Stanly,37167,62806,15003,35680,12123,47803
North Carolina,Stokes,37169,45591,9313,26361,9917,36278
North Carolina,Surry,37171,71783,16546,40273,14964,55237
North Carolina,Swain,37173,14271,3462,8006,2803,10809
North Carolina,Transylvania,37175,34385,6089,17487,10809,28296
North Carolina,Tyrrell,37177,4016,796,2410,810,3220
North Carolina,Union,37179,239859,70994,137631,31234,168865
North Carolina,Vance,37181,44535,11561,24487,8487,32974
North Carolina,Wake,37183,1111761,293885,684012,133864,817876
North Carolina,Warren,37185,19731,3893,10665,5173,15838
North Carolina,Washington,37187,11580,2549,6099,2932,9031
North Carolina,Watauga,37189,56177,11895,35053,9229,44282
North Carolina,Wayne,37191,123131,32207,70122,20802,90924
North Carolina,Wilkes,37193,68412,15247,38003,15162,53165
North Carolina,Wilson,37195,81801,20688,45776,15337,61113
North Carolina,Yadkin,37197,37667,8639,21317,7711,29028
North Carolina,Yancey,37199,18069,3644,9681,4744,14425
