state,county,fips,POP tot,0-19 tot,20-64tot,65+ tot,voting age
Virginia,Accomack,51001,32316,7326,17056,7934,24990
Virginia,Albemarle,51003,109330,27074,61101,21155,82256
Virginia,Alleghany,51005,14860,3026,8049,3785,11834
Virginia,Amelia,51007,13145,2994,7514,2637,10151
Virginia,Amherst,51009,31605,6891,17887,6827,24714
Virginia,Appomattox,51011,15911,3679,8866,3366,12232
Virginia,Arlington,51013,236842,46411,164149,26282,190431
Virginia,Augusta,51015,75558,15588,43429,16541,59970
Virginia,Bath,51017,4147,692,2294,1161,3455
Virginia,Bedford,51019,78997,17154,44584,17259,61843
Virginia,Bland,51021,6280,1045,3751,1484,5235
Virginia,Botetourt,51023,33419,6939,18707,7773,26480
Virginia,Brunswick,51025,16231,2967,9730,3534,13264
Virginia,Buchanan,51027,21004,3998,12162,4844,17006
Virginia,Buckingham,51029,17148,3316,10370,3462,13832
Virginia,Campbell,51031,54885,11713,32034,11138,43172
Virginia,Caroline,51033,30725,7579,17940,5206,23146
Virginia,Carroll,51035,29791,5838,16382,7571,23953
Virginia,Charles City,51036,6963,1143,4045,1775,5820
Virginia,Charlotte,51037,11880,2729,6464,2687,9151
Virginia,Chesterfield,51041,352802,92549,205900,54353,260253
Virginia,Clarke,51043,14619,3172,8253,3194,11447
Virginia,Craig,51045,5131,1003,2889,1239,4128
Virginia,Culpeper,51047,52605,14273,29890,8442,38332
Virginia,Cumberland,51049,9932,2088,5554,2290,7844
Virginia,Dickenson,51051,14318,3059,7969,3290,11259
Virginia,Dinwiddie,51053,28544,6378,17045,5121,22166
Virginia,Essex,51057,10953,2230,6123,2600,8723
Virginia,Fairfax,51059,1147532,294101,692970,160461,853431
Virginia,Fauquier,51061,71222,18148,41002,12072,53074
Virginia,Floyd,51063,15749,3357,8694,3698,12392
Virginia,Fluvanna,51065,27270,5938,15732,5600,21332
Virginia,Franklin,51067,56042,11934,30556,13552,44108
Virginia,Frederick,51069,89313,22244,51130,15939,67069
Virginia,Giles,51071,16720,3749,9234,3737,12971
Virginia,Gloucester,51073,37348,8170,21849,7329,29178
Virginia,Goochland,51075,23753,4525,13792,5436,19228
Virginia,Grayson,51077,15550,2848,8764,3938,12702
Virginia,Greene,51079,19819,5126,11158,3535,14693
Virginia,Greensville,51081,11336,2085,7517,1734,9251
Virginia,Halifax,51083,33911,7510,18002,8399,26401
Virginia,Hanover,51085,107766,26224,61752,19790,81542
Virginia,Henrico,51087,330818,81179,196919,52720,249639
Virginia,Henry,51089,50557,10683,27466,12408,39874
Virginia,Highland,51091,2190,315,1097,778,1875
Virginia,Isle of Wight,51093,37109,8436,21308,7365,28673
Virginia,James City,51095,76523,16612,40166,19745,59911
Virginia,King and Queen,51097,7025,1362,4004,1659,5663
Virginia,King George,51099,26836,7182,16050,3604,19654
Virginia,King William,51101,17148,4261,10084,2803,12887
Virginia,Lancaster,51103,10603,1808,4907,3888,8795
Virginia,Lee,51105,23423,4717,13495,5211,18706
Virginia,Loudoun,51107,413538,124988,248400,40150,288550
Virginia,Louisa,51109,37591,8227,21734,7630,29364
Virginia,Lunenburg,51111,12196,2502,6926,2768,9694
Virginia,Madison,51113,13261,2940,7285,3036,10321
Virginia,Mathews,51115,8834,1539,4510,2785,7295
Virginia,Mecklenburg,51117,30587,6246,16433,7908,24341
Virginia,Middlesex,51119,10582,1860,5335,3387,8722
Virginia,Montgomery,51121,98535,23444,62066,13025,75091
Virginia,Nelson,51125,14930,2940,7787,4203,11990
Virginia,New Kent,51127,23091,5038,13965,4088,18053
Virginia,Northampton,51131,11710,2517,6027,3166,9193
Virginia,Northumberland,51133,12095,1941,5614,4540,10154
Virginia,Nottoway,51135,15232,3235,9051,2946,11997
Virginia,Orange,51137,37051,8501,20919,7631,28550
Virginia,Page,51139,23902,5163,13502,5237,18739
Virginia,Patrick,51141,17608,3342,9543,4723,14266
Virginia,Pittsylvania,51143,60354,12346,33916,14092,48008
Virginia,Powhatan,51145,29652,5967,18053,5632,23685
Virginia,Prince Edward,51147,22802,5638,13295,3869,17164
Virginia,Prince George,51149,38353,9363,23459,5531,28990
Virginia,Prince William,51153,470335,137940,283872,48523,332395
Virginia,Pulaski,51155,34027,6582,19464,7981,27445
Virginia,Rappahannock,51157,7370,1332,3985,2053,6038
Virginia,Richmond,51159,9023,1684,5434,1905,7339
Virginia,Roanoke,51161,94186,20562,53090,20534,73624
Virginia,Rockbridge,51163,22573,4403,12122,6048,18170
Virginia,Rockingham,51165,81948,20086,45891,15971,61862
Virginia,Russell,51167,26586,5453,15146,5987,21133
Virginia,Scott,51169,21566,4211,11985,5370,17355
Virginia,Shenandoah,51171,43616,9992,23934,9690,33624
Virginia,Smyth,51173,30104,6378,16924,6802,23726
Virginia,Southampton,51175,17631,3592,10368,3671,14039
Virginia,Spotsylvania,51177,136215,36629,79516,20070,99586
Virginia,Stafford,51179,152882,43632,92833,16417,109250
Virginia,Surry,51181,6422,1182,3708,1532,5240
Virginia,Sussex,51183,11159,1902,7187,2070,9257
Virginia,Tazewell,51185,40595,8640,22597,9358,31955
Virginia,Warren,51187,40164,9634,23788,6742,30530
Virginia,Washington,51191,53740,11032,30006,12702,42708
Virginia,Westmoreland,51193,18015,3739,9657,4619,14276
Virginia,Wise,51195,37383,8108,22110,7165,29275
Virginia,Wythe,51197,28684,6238,16096,6350,22446
Virginia,York,51199,68280,17691,39222,11367,50589
Virginia,Alexandria city,51510,159428,30705,109328,19395,128723
Virginia,Bristol city,51520,16762,3659,9479,3624,13103
Virginia,Buena Vista city,51530,6478,1658,3551,1269,4820
Virginia,Charlottesville city,51540,47266,8931,32545,5790,38335
Virginia,Chesapeake city,51550,244835,64796,146405,33634,180039
Virginia,Colonial Heights city,51570,17370,4465,9469,3436,12905
Virginia,Covington city,51580,5538,1267,3165,1106,4271
Virginia,Danville city,51590,40044,9694,21835,8515,30350
Virginia,Emporia city,51595,5346,1408,2860,1078,3938
Virginia,Fairfax city,51600,24019,6368,14158,3493,17651
Virginia,Falls Church city,51610,14617,3949,8613,2055,10668
Virginia,Franklin city,51620,7967,2247,4201,1519,5720
Virginia,Fredericksburg city,51630,29036,7892,17682,3462,21144
Virginia,Galax city,51640,6347,1640,3517,1190,4707
Virginia,Hampton city,51650,134510,32414,80919,21177,102096
Virginia,Harrisonburg city,51660,53016,15011,32829,5176,38005
Virginia,Hopewell city,51670,22529,6341,12650,3538,16188
Virginia,Lexington city,51678,7446,2294,4028,1124,5152
Virginia,Lynchburg city,51680,82168,22056,48206,11906,60112
Virginia,Manassas city,51683,41085,11908,24739,4438,29177
Virginia,Manassas Park city,51685,17478,4387,11567,1524,13091
Virginia,Martinsville city,51690,12554,3439,6843,2272,9115
Virginia,Newport News city,51700,179225,47634,107699,23892,131591
Virginia,Norfolk city,51710,242742,56077,158558,28107,186665
Virginia,Norton city,51720,3981,949,2286,746,3032
Virginia,Petersburg city,51730,31346,7626,18390,5330,23720
Virginia,Poquoson city,51735,12271,3014,6855,2402,9257
Virginia,Portsmouth city,51740,94398,23740,56366,14292,70658
Virginia,Radford city,51750,18249,4861,11666,1722,13388
Virginia,Richmond city,51760,230436,47711,150916,31809,182725
Virginia,Roanoke city,51770,99143,23941,58451,16751,75202
Virginia,Salem city,51775,25301,6121,14370,4810,19180
Virginia,Staunton city,51790,24932,5361,14226,5345,19571
Virginia,Suffolk city,51800,92108,23991,54413,13704,68117
Virginia,Virginia Beach city,51810,449974,109212,274363,66399,340762
Virginia,Waynesboro city,51820,22630,5790,12809,4031,16840
Virginia,Williamsburg city,51830,14954,3728,8606,2620,11226
Virginia,Winchester city,51840,28078,7394,16084,4600,20684
